$ 1 0.000005 10.20027730826997 50 5 50 5e-11
r 496 336 496 368 0 20000
c 544 336 544 384 4 0.000009999999999999999 1.1183510099764145 0.001 0.1
162 544 336 496 336 2 default-led 1 0 0 0.01
s 416 448 576 448 0 1 false
v 576 448 656 448 0 0 40 5 0 0 0.5
w 496 368 496 384 0
w 496 384 544 384 0
w 544 384 544 400 0
w 544 336 656 336 0
w 544 304 544 320 0
w 496 304 544 304 0
w 496 288 496 304 0
162 544 256 496 256 2 default-led 1 0 0 0.01
c 544 256 544 304 4 0.000009999999999999999 1.118351009976415 0.001 0.1
r 496 256 496 288 0 10000
w 656 256 544 256 0
w 544 320 320 320 0
w 544 400 320 400 0
w 240 400 240 448 0
w 320 400 240 400 0
w 320 320 240 320 0
w 240 448 320 448 0
w 240 240 336 240 0
w 544 240 336 240 0
r 496 176 496 208 0 5000
c 544 176 544 224 4 0.000009999999999999999 1.118351009976415 0.001 0.1
162 544 176 496 176 2 default-led 1 0 0 0.01
w 496 208 496 224 0
w 496 224 544 224 0
w 544 224 544 240 0
w 544 176 656 176 0
w 656 448 656 336 0
w 656 336 656 256 0
w 656 256 656 176 0
w 240 400 240 320 0
w 240 320 240 240 0
w 656 176 656 96 0
w 544 96 656 96 0
w 544 144 544 160 0
w 496 144 544 144 0
w 496 128 496 144 0
162 544 96 496 96 2 default-led 1 0 0 0.01
r 496 96 496 128 0 1000
w 544 160 336 160 0
w 240 160 336 160 0
w 240 160 240 240 0
w 240 0 240 80 0
w 240 0 336 0 0
w 544 0 336 0 0
r 496 -64 496 -32 0 100
c 544 -64 544 -16 4 0.000009999999999999999 1.1183510099764158 0.001 0.1
162 544 -64 496 -64 2 default-led 1 0 0 0.01
w 496 -32 496 -16 0
w 496 -16 544 -16 0
w 544 -16 544 0 0
w 544 -64 656 -64 0
w 656 16 656 -64 0
w 240 160 240 80 0
w 656 96 656 16 0
w 544 16 656 16 0
w 544 64 544 80 0
w 496 64 544 64 0
w 496 48 496 64 0
162 544 16 496 16 2 default-led 1 0 0 0.01
c 544 16 544 64 4 0.000009999999999999999 1.1183510099764145 0.001 0.1
r 496 16 496 48 0 500
w 544 80 336 80 0
w 240 80 336 80 0
w 672 496 560 496 0
w 416 496 560 496 0
w 720 448 672 496 0
w 416 496 400 496 0
c 544 96 544 144 4 0.000009999999999999999 1.118351009976414 0.001 0.1
w 416 480 416 448 0
w 320 448 400 448 0
w 400 448 400 480 0
w 400 480 400 496 0
w 416 480 416 496 0
w 800 448 896 448 0
w 896 448 1136 448 0
c 1024 96 1024 144 4 0.000009999999999999999 1.118351009976415 0.001 0.1
w 720 80 816 80 0
w 1024 80 816 80 0
r 976 16 976 48 0 500
c 1024 16 1024 64 4 0.000009999999999999999 1.1183510099764153 0.001 0.1
162 1024 16 976 16 2 default-led 1 0 0 0.01
w 976 48 976 64 0
w 976 64 1024 64 0
w 1024 64 1024 80 0
w 1024 16 1136 16 0
w 1136 96 1136 16 0
w 720 160 720 80 0
w 1136 16 1136 -64 0
w 1024 -64 1136 -64 0
w 1024 -16 1024 0 0
w 976 -16 1024 -16 0
w 976 -32 976 -16 0
162 1024 -64 976 -64 2 default-led 1 0 0 0.01
c 1024 -64 1024 -16 4 0.000009999999999999999 1.1183510099764145 0.001 0.1
r 976 -64 976 -32 0 100
w 1024 0 816 0 0
w 720 0 816 0 0
w 720 0 720 80 0
w 720 160 720 240 0
w 720 160 816 160 0
w 1024 160 816 160 0
r 976 96 976 128 0 1000
162 1024 96 976 96 2 default-led 1 0 0 0.01
w 976 128 976 144 0
w 976 144 1024 144 0
w 1024 144 1024 160 0
w 1024 96 1136 96 0
w 1136 176 1136 96 0
w 720 320 720 240 0
w 720 400 720 320 0
w 1136 256 1136 176 0
w 1136 336 1136 256 0
w 1136 448 1136 336 0
w 1024 176 1136 176 0
w 1024 224 1024 240 0
w 976 224 1024 224 0
w 976 208 976 224 0
162 1024 176 976 176 2 default-led 1 0 0 0.01
c 1024 176 1024 224 4 0.000009999999999999999 1.1183510099764153 0.001 0.1
r 976 176 976 208 0 5000
w 1024 240 816 240 0
w 720 240 816 240 0
w 656 448 800 448 0
w 800 320 720 320 0
w 800 400 720 400 0
w 720 400 720 448 0
w 1024 400 800 400 0
w 1024 320 800 320 0
w 1136 256 1024 256 0
r 976 256 976 288 0 10000
c 1024 256 1024 304 4 0.000009999999999999999 1.118351009976414 0.001 0.1
162 1024 256 976 256 2 default-led 1 0 0 0.01
w 976 288 976 304 0
w 976 304 1024 304 0
w 1024 304 1024 320 0
w 1024 336 1136 336 0
w 1024 384 1024 400 0
w 976 384 1024 384 0
w 976 368 976 384 0
162 1024 336 976 336 2 default-led 1 0 0 0.01
c 1024 336 1024 384 4 0.000009999999999999999 1.118351009976415 0.001 0.1
r 976 336 976 368 0 20000
